Computed = 0.189103
Exact = 0.192766
error = 0.00366237
Time spent = 17.7211
