Computed = 0.18911
Exact = 0.192766
error = 0.00365618
Time spent = 5.4335
