Computed = 0.190556
Exact = 0.192766
error = 0.00220923
Time spent = 8.85399
