Computed = 0.190036
Exact = 0.192766
error = 0.00272991
Time spent = 4.29535
