Computed = 0.191093
Exact = 0.192766
error = 0.00167269
Time spent = 17.1918
