Computed = 0.194368
standard avvik = 7.30161
Exact = 0.192766
error = 0.00160271
Time spent = 2.03408
