Computed = 0.192794
standard avvik = 1.03035
Exact = 0.192766
error = 2.86568e-05
Time spent = 18.1648
