Computed = 0.192334
standard avvik = 1.02159
Exact = 0.192766
error = 0.000431245
Time spent = 16.9895
