Computed = 0.190674
Standard avvik = 9.79433
Exact = 0.192766
error = 0.00209172
Time spent = 19.9854
