Computed = 0.194536
Standard avvik = 9.24171
Exact = 0.192766
error = 0.00177038
Time spent = 2.26709
