Computed = 0.19061
Standard avvik = 8.99224
Exact = 0.192766
error = 0.00215619
Time spent = 21.3427
